0996696016
0765386631
0553391984
039360909X
152479953X
1496406176
0804170991
0345543254
1524797154
1250121310
0345541456
042528543X
0316274119
1250130921
1250099579
145556902X
0345511573
1101988835
0373282494
0345511476
1476716730
0778307611
1476782105
0399163859
0399179194
1538759632
1250069807
039958742X
0399563091
1455524204
1617732249
1501162217
0062663119
0990678849
1250139465
0062390511
0345546792
0062430246
0062667572
1943893047
076536543X
031636391X
1538761394
1478945184
141651693X
0778331113
037328246X
044102002X
1455581224
1598535374
031627397X
1501155407
1616208414
1250111196
0765385716
0062693662
1455586587
1335721312
1250123135
034553980X
0373838840
1473204305
034554854X
055357339X
0399181520
0385541171
1943893055
081299566X
034551145X
1250067006
0778330419
0310332540
1455542660
1101970324
0399583084
0451475348
1101991224
0062389920
1101883979
0393254151
1420143174
0062473557
0316412694
0765388243
1501162233
0399562451
110199049X
1476792380
1617732303
031600538X
1250161533
110196698X
1633883558
1250164443
0062381733
1943893241
045146091X
044101836X
1447273303
162286736X
0316273902
0765395959
0399161503
0062381695
1101885963
052595497X
0446613436
0735217149
031602919X
125011750X
055357342X
044101996X
159463193X
1250166543
051513449X
1496423291
0812538366
0316504823
1250012309
193799418X
076537675X
0525520260
1250110327
0525434291
1455542679
1524742058
0345543017
0399587241
1250132363
0345511298
1496407903
1478948078
1101981873
052548342X
044101738X
0062797190
073522112X
1101884061
0316438979
0765387476
0764218158
1501126067
042527778X
1501137476
1501168916
1455524239
0735217173
006267613X
1250089042
1250131707
1538711338
0425280101
0399593659
0316442453
150115785X
1496714342
1524797022
1501188291
054792819X
0316562645
145555071X
0735215898
1250075858
152479631X
0812985400
1250045479
044024367X
1947222228
1501192205
1943893438
1455536946
0615788084
0553448129
055358894X
034553056X
0316274046
0451475216
1250140226
150116340X
1476778159
1250123178
0451492102
0525510273
1947222996
045148973X
039959342X
0316395455
0765388235
055358202X
0765393581
1101967021
0515155918
1943893233
0316217646
0316251321
0525436510
006247605X
0399583998
1947222236
0425285065
1616149981
145558990X
194389342X
0316513229
1501140086
0989373835
150113261X
0778330443
1943893403
0778319989
1538745194
006239049X
038549081X
1250122465
1501180819
0765399113
044022425X
1943893462
1501115707
0345546806
0399593667
0399586938
194389325X
0425281280
1101985380
1476783497
1481845705
031627383X
0316385263
0307588378
031627349X
1501162500
110188424X
0345541464
074323491X
0316473499
1617732222
076532637X
1622867661
0385514239
1250122953
0735212767
1101967684
0345539990
0062678108
1501175467
0385543913
0316547611
0735220964
1501189832
0399183736
0345539974
0451489608
0451488512
0399583971
125002210X
0399176063
0718085760
150117164X
030793103X